"mytau","coefs","lb","ub"
0.05,153,149.68221100402,156.31778899598
0.1,501,496.755441159831,505.244558840169
0.15,856.228919941953,855.585698579558,856.872141304349
0.2,1158.71847496343,1157.33898698485,1160.09796294201
0.25,1486.68828515018,1484.30704951462,1489.06952078574
0.3,1832.52561995121,1828.62420841153,1836.42703149089
0.35,2164.88342152638,2159.62924838437,2170.13759466839
0.4,2544.65071137605,2538.37798243392,2550.92344031819
0.45,2911.64909952189,2904.1210105043,2919.17718853947
0.5,3365.48336152533,3355.54589045141,3375.42083259925
0.55,3875.45406360424,3862.47368776636,3888.43443944212
0.6,4500.30470923085,4484.12633125562,4516.48308720609
0.65,5135.120708429,5112.87436256266,5157.36705429534
0.7,6114.06347129486,6083.6752111945,6144.45173139521
0.75,7238.08863534809,7196.65052168515,7279.52674901103
0.8,9051.48128843932,8984.63346454726,9118.32911233137
0.85,11015.9551404941,10926.9777581074,11104.9325228807
0.9,14743.4616132372,14592.9849698779,14893.9382565965
0.95,22180.6953990441,21766.2876544636,22595.1031436246
1,-38100.3273092083,-38100.3273092083,-38100.3273092083
